0 0 1 -1.2325951644078e-32 0 0 
1 0 0 0 0 0 
-1 0 0 0 0 0 
2 0 0 0 0 0 
-2 0 0 0 0 0 
3 0 0 0 0 0 
-3 0 0 0 0 0 
4 0 0 0 0 0 
-4 0 0 0 0 0 
5 0 0 0 0 0 
-5 0 0 0 0 0 
6 0 0 0 0 0 
-6 0 0 0 0 0 
7 0 0 0 0 0 
-7 0 0 0 0 0 
8 0 0 0 0 0 
-8 0 0 0 0 0 
9 0 0 0 0 0 
-9 0 0 0 0 0 
10 0 0 0 0 0 
-10 0 0 0 0 0 
11 0 0 0 0 0 
-11 0 0 0 0 0 
12 0 0 0 0 0 
-12 0 0 0 0 0 
13 0 0 0 0 0 
-13 0 0 0 0 0 
14 0 0 0 0 0 
-14 0 0 0 0 0 
15 0 0 0 0 0 
-15 0 0 0 0 0 

0 0 1 -0.734609840612 0 0 
1 0 0 0 0 0 
-1 0 0 0 0 0 
2 0 0 0 0 0 
-2 0 0 0 0 0 
3 0 0 0 0 0 
-3 0 0 0 0 0 
4 0 0 0 0 0 
-4 0 0 0 0 0 
5 0 0 0 0 0 
-5 0 0 0 0 0 
6 0 0 0 0 0 
-6 0 0 0 0 0 
7 0 0 0 0 0 
-7 0 0 0 0 0 
8 0 0 0 0 0 
-8 0 0 0 0 0 
9 0 0 0 0 0 
-9 0 0 0 0 0 
10 0 0 0 0 0 
-10 0 0 0 0 0 
11 0 0 0 0 0 
-11 0 0 0 0 0 
12 0 0 0 0 0 
-12 0 0 0 0 0 
13 0 0 0 0 0 
-13 0 0 0 0 0 
14 0 0 0 0 0 
-14 0 0 0 0 0 
15 0 0 0 0 0 
-15 0 0 0 0 0 

0 0 1 -0.0047494501439252 0 0 
1 0 0 0 0 0 
-1 0 0 0 0 0 
2 0 0 0 0 0 
-2 0 0 0 0 0 
3 0 0 0 0 0 
-3 0 0 0 0 0 
4 0 0 0 0 0 
-4 0 0 0 0 0 
5 0 0 0 0 0 
-5 0 0 0 0 0 
6 0 0 0 0 0 
-6 0 0 0 0 0 
7 0 0 0 0 0 
-7 0 0 0 0 0 
8 0 0 0 0 0 
-8 0 0 0 0 0 
9 0 0 0 0 0 
-9 0 0 0 0 0 
10 0 0 0 0 0 
-10 0 0 0 0 0 
11 0 0 0 0 0 
-11 0 0 0 0 0 
12 0 0 0 0 0 
-12 0 0 0 0 0 
13 0 0 0 0 0 
-13 0 0 0 0 0 
14 0 0 0 0 0 
-14 0 0 0 0 0 
15 0 0 0 0 0 
-15 0 0 0 0 0 

0 0 1 -0.73393649738314 0 0 
1 0 0 0 0 0 
-1 0 0 0 0 0 
2 0 0 0 0 0 
-2 0 0 0 0 0 
3 0 0 0 0 0 
-3 0 0 0 0 0 
4 0 0 0 0 0 
-4 0 0 0 0 0 
5 0 0 0 0 0 
-5 0 0 0 0 0 
6 0 0 0 0 0 
-6 0 0 0 0 0 
7 0 0 0 0 0 
-7 0 0 0 0 0 
8 0 0 0 0 0 
-8 0 0 0 0 0 
9 0 0 0 0 0 
-9 0 0 0 0 0 
10 0 0 0 0 0 
-10 0 0 0 0 0 
11 0 0 0 0 0 
-11 0 0 0 0 0 
12 0 0 0 0 0 
-12 0 0 0 0 0 
13 0 0 0 0 0 
-13 0 0 0 0 0 
14 0 0 0 0 0 
-14 0 0 0 0 0 
15 0 0 0 0 0 
-15 0 0 0 0 0 

0 0 1 -0.01869924119276 0 0 
1 0 0 0 0 0 
-1 0 0 0 0 0 
2 0 0 0 0 0 
-2 0 0 0 0 0 
3 0 0 0 0 0 
-3 0 0 0 0 0 
4 0 0 0 0 0 
-4 0 0 0 0 0 
5 0 0 0 0 0 
-5 0 0 0 0 0 
6 0 0 0 0 0 
-6 0 0 0 0 0 
7 0 0 0 0 0 
-7 0 0 0 0 0 
8 0 0 0 0 0 
-8 0 0 0 0 0 
9 0 0 0 0 0 
-9 0 0 0 0 0 
10 0 0 0 0 0 
-10 0 0 0 0 0 
11 0 0 0 0 0 
-11 0 0 0 0 0 
12 0 0 0 0 0 
-12 0 0 0 0 0 
13 0 0 0 0 0 
-13 0 0 0 0 0 
14 0 0 0 0 0 
-14 0 0 0 0 0 
15 0 0 0 0 0 
-15 0 0 0 0 0 

0 0 1 -0.73258420894973 0 0 
1 0 0 0 0 0 
-1 0 0 0 0 0 
2 0 0 0 0 0 
-2 0 0 0 0 0 
3 0 0 0 0 0 
-3 0 0 0 0 0 
4 0 0 0 0 0 
-4 0 0 0 0 0 
5 0 0 0 0 0 
-5 0 0 0 0 0 
6 0 0 0 0 0 
-6 0 0 0 0 0 
7 0 0 0 0 0 
-7 0 0 0 0 0 
8 0 0 0 0 0 
-8 0 0 0 0 0 
9 0 0 0 0 0 
-9 0 0 0 0 0 
10 0 0 0 0 0 
-10 0 0 0 0 0 
11 0 0 0 0 0 
-11 0 0 0 0 0 
12 0 0 0 0 0 
-12 0 0 0 0 0 
13 0 0 0 0 0 
-13 0 0 0 0 0 
14 0 0 0 0 0 
-14 0 0 0 0 0 
15 0 0 0 0 0 
-15 0 0 0 0 0 

0 0 1 -0.040999106123539 0 0 
1 0 0 0 0 0 
-1 0 0 0 0 0 
2 0 0 0 0 0 
-2 0 0 0 0 0 
3 0 0 0 0 0 
-3 0 0 0 0 0 
4 0 0 0 0 0 
-4 0 0 0 0 0 
5 0 0 0 0 0 
-5 0 0 0 0 0 
6 0 0 0 0 0 
-6 0 0 0 0 0 
7 0 0 0 0 0 
-7 0 0 0 0 0 
8 0 0 0 0 0 
-8 0 0 0 0 0 
9 0 0 0 0 0 
-9 0 0 0 0 0 
10 0 0 0 0 0 
-10 0 0 0 0 0 
11 0 0 0 0 0 
-11 0 0 0 0 0 
12 0 0 0 0 0 
-12 0 0 0 0 0 
13 0 0 0 0 0 
-13 0 0 0 0 0 
14 0 0 0 0 0 
-14 0 0 0 0 0 
15 0 0 0 0 0 
-15 0 0 0 0 0 

0 0 1 -0.73054170342249 0 0 
1 0 0 0 0 0 
-1 0 0 0 0 0 
2 0 0 0 0 0 
-2 0 0 0 0 0 
3 0 0 0 0 0 
-3 0 0 0 0 0 
4 0 0 0 0 0 
-4 0 0 0 0 0 
5 0 0 0 0 0 
-5 0 0 0 0 0 
6 0 0 0 0 0 
-6 0 0 0 0 0 
7 0 0 0 0 0 
-7 0 0 0 0 0 
8 0 0 0 0 0 
-8 0 0 0 0 0 
9 0 0 0 0 0 
-9 0 0 0 0 0 
10 0 0 0 0 0 
-10 0 0 0 0 0 
11 0 0 0 0 0 
-11 0 0 0 0 0 
12 0 0 0 0 0 
-12 0 0 0 0 0 
13 0 0 0 0 0 
-13 0 0 0 0 0 
14 0 0 0 0 0 
-14 0 0 0 0 0 
15 0 0 0 0 0 
-15 0 0 0 0 0 

0 0 1 -0.07037084849543 0 0 
1 0 0 0 0 0 
-1 0 0 0 0 0 
2 0 0 0 0 0 
-2 0 0 0 0 0 
3 0 0 0 0 0 
-3 0 0 0 0 0 
4 0 0 0 0 0 
-4 0 0 0 0 0 
5 0 0 0 0 0 
-5 0 0 0 0 0 
6 0 0 0 0 0 
-6 0 0 0 0 0 
7 0 0 0 0 0 
-7 0 0 0 0 0 
8 0 0 0 0 0 
-8 0 0 0 0 0 
9 0 0 0 0 0 
-9 0 0 0 0 0 
10 0 0 0 0 0 
-10 0 0 0 0 0 
11 0 0 0 0 0 
-11 0 0 0 0 0 
12 0 0 0 0 0 
-12 0 0 0 0 0 
13 0 0 0 0 0 
-13 0 0 0 0 0 
14 0 0 0 0 0 
-14 0 0 0 0 0 
15 0 0 0 0 0 
-15 0 0 0 0 0 

0 0 1 -0.72779190314386 0 0 
1 0 0 0 0 0 
-1 0 0 0 0 0 
2 0 0 0 0 0 
-2 0 0 0 0 0 
3 0 0 0 0 0 
-3 0 0 0 0 0 
4 0 0 0 0 0 
-4 0 0 0 0 0 
5 0 0 0 0 0 
-5 0 0 0 0 0 
6 0 0 0 0 0 
-6 0 0 0 0 0 
7 0 0 0 0 0 
-7 0 0 0 0 0 
8 0 0 0 0 0 
-8 0 0 0 0 0 
9 0 0 0 0 0 
-9 0 0 0 0 0 
10 0 0 0 0 0 
-10 0 0 0 0 0 
11 0 0 0 0 0 
-11 0 0 0 0 0 
12 0 0 0 0 0 
-12 0 0 0 0 0 
13 0 0 0 0 0 
-13 0 0 0 0 0 
14 0 0 0 0 0 
-14 0 0 0 0 0 
15 0 0 0 0 0 
-15 0 0 0 0 0 

0 0 1 -0.10527838067561 0 0 
1 0 0 0 0 0 
-1 0 0 0 0 0 
2 0 0 0 0 0 
-2 0 0 0 0 0 
3 0 0 0 0 0 
-3 0 0 0 0 0 
4 0 0 0 0 0 
-4 0 0 0 0 0 
5 0 0 0 0 0 
-5 0 0 0 0 0 
6 0 0 0 0 0 
-6 0 0 0 0 0 
7 0 0 0 0 0 
-7 0 0 0 0 0 
8 0 0 0 0 0 
-8 0 0 0 0 0 
9 0 0 0 0 0 
-9 0 0 0 0 0 
10 0 0 0 0 0 
-10 0 0 0 0 0 
11 0 0 0 0 0 
-11 0 0 0 0 0 
12 0 0 0 0 0 
-12 0 0 0 0 0 
13 0 0 0 0 0 
-13 0 0 0 0 0 
14 0 0 0 0 0 
-14 0 0 0 0 0 
15 0 0 0 0 0 
-15 0 0 0 0 0 

0 0 1 -0.72431172109474 0 0 
1 0 0 0 0 0 
-1 0 0 0 0 0 
2 0 0 0 0 0 
-2 0 0 0 0 0 
3 0 0 0 0 0 
-3 0 0 0 0 0 
4 0 0 0 0 0 
-4 0 0 0 0 0 
5 0 0 0 0 0 
-5 0 0 0 0 0 
6 0 0 0 0 0 
-6 0 0 0 0 0 
7 0 0 0 0 0 
-7 0 0 0 0 0 
8 0 0 0 0 0 
-8 0 0 0 0 0 
9 0 0 0 0 0 
-9 0 0 0 0 0 
10 0 0 0 0 0 
-10 0 0 0 0 0 
11 0 0 0 0 0 
-11 0 0 0 0 0 
12 0 0 0 0 0 
-12 0 0 0 0 0 
13 0 0 0 0 0 
-13 0 0 0 0 0 
14 0 0 0 0 0 
-14 0 0 0 0 0 
15 0 0 0 0 0 
-15 0 0 0 0 0 

0 0 1 -0.14410494191991 0 0 
1 0 0 0 0 0 
-1 0 0 0 0 0 
2 0 0 0 0 0 
-2 0 0 0 0 0 
3 0 0 0 0 0 
-3 0 0 0 0 0 
4 0 0 0 0 0 
-4 0 0 0 0 0 
5 0 0 0 0 0 
-5 0 0 0 0 0 
6 0 0 0 0 0 
-6 0 0 0 0 0 
7 0 0 0 0 0 
-7 0 0 0 0 0 
8 0 0 0 0 0 
-8 0 0 0 0 0 
9 0 0 0 0 0 
-9 0 0 0 0 0 
10 0 0 0 0 0 
-10 0 0 0 0 0 
11 0 0 0 0 0 
-11 0 0 0 0 0 
12 0 0 0 0 0 
-12 0 0 0 0 0 
13 0 0 0 0 0 
-13 0 0 0 0 0 
14 0 0 0 0 0 
-14 0 0 0 0 0 
15 0 0 0 0 0 
-15 0 0 0 0 0 

0 0 1 -0.72007179018776 0 0 
1 0 0 0 0 0 
-1 0 0 0 0 0 
2 0 0 0 0 0 
-2 0 0 0 0 0 
3 0 0 0 0 0 
-3 0 0 0 0 0 
4 0 0 0 0 0 
-4 0 0 0 0 0 
5 0 0 0 0 0 
-5 0 0 0 0 0 
6 0 0 0 0 0 
-6 0 0 0 0 0 
7 0 0 0 0 0 
-7 0 0 0 0 0 
8 0 0 0 0 0 
-8 0 0 0 0 0 
9 0 0 0 0 0 
-9 0 0 0 0 0 
10 0 0 0 0 0 
-10 0 0 0 0 0 
11 0 0 0 0 0 
-11 0 0 0 0 0 
12 0 0 0 0 0 
-12 0 0 0 0 0 
13 0 0 0 0 0 
-13 0 0 0 0 0 
14 0 0 0 0 0 
-14 0 0 0 0 0 
15 0 0 0 0 0 
-15 0 0 0 0 0 

0 0 1 -0.18530462970098 0 0 
1 0 0 0 0 0 
-1 0 0 0 0 0 
2 0 0 0 0 0 
-2 0 0 0 0 0 
3 0 0 0 0 0 
-3 0 0 0 0 0 
4 0 0 0 0 0 
-4 0 0 0 0 0 
5 0 0 0 0 0 
-5 0 0 0 0 0 
6 0 0 0 0 0 
-6 0 0 0 0 0 
7 0 0 0 0 0 
-7 0 0 0 0 0 
8 0 0 0 0 0 
-8 0 0 0 0 0 
9 0 0 0 0 0 
-9 0 0 0 0 0 
10 0 0 0 0 0 
-10 0 0 0 0 0 
11 0 0 0 0 0 
-11 0 0 0 0 0 
12 0 0 0 0 0 
-12 0 0 0 0 0 
13 0 0 0 0 0 
-13 0 0 0 0 0 
14 0 0 0 0 0 
-14 0 0 0 0 0 
15 0 0 0 0 0 
-15 0 0 0 0 0 

0 0 1 -0.71503612699698 0 0 
1 0 0 0 0 0 
-1 0 0 0 0 0 
2 0 0 0 0 0 
-2 0 0 0 0 0 
3 0 0 0 0 0 
-3 0 0 0 0 0 
4 0 0 0 0 0 
-4 0 0 0 0 0 
5 0 0 0 0 0 
-5 0 0 0 0 0 
6 0 0 0 0 0 
-6 0 0 0 0 0 
7 0 0 0 0 0 
-7 0 0 0 0 0 
8 0 0 0 0 0 
-8 0 0 0 0 0 
9 0 0 0 0 0 
-9 0 0 0 0 0 
10 0 0 0 0 0 
-10 0 0 0 0 0 
11 0 0 0 0 0 
-11 0 0 0 0 0 
12 0 0 0 0 0 
-12 0 0 0 0 0 
13 0 0 0 0 0 
-13 0 0 0 0 0 
14 0 0 0 0 0 
-14 0 0 0 0 0 
15 0 0 0 0 0 
-15 0 0 0 0 0 

0 0 1 -0.22750942278228 0 0 
1 0 0 0 0 0 
-1 0 0 0 0 0 
2 0 0 0 0 0 
-2 0 0 0 0 0 
3 0 0 0 0 0 
-3 0 0 0 0 0 
4 0 0 0 0 0 
-4 0 0 0 0 0 
5 0 0 0 0 0 
-5 0 0 0 0 0 
6 0 0 0 0 0 
-6 0 0 0 0 0 
7 0 0 0 0 0 
-7 0 0 0 0 0 
8 0 0 0 0 0 
-8 0 0 0 0 0 
9 0 0 0 0 0 
-9 0 0 0 0 0 
10 0 0 0 0 0 
-10 0 0 0 0 0 
11 0 0 0 0 0 
-11 0 0 0 0 0 
12 0 0 0 0 0 
-12 0 0 0 0 0 
13 0 0 0 0 0 
-13 0 0 0 0 0 
14 0 0 0 0 0 
-14 0 0 0 0 0 
15 0 0 0 0 0 
-15 0 0 0 0 0 

0 0 1 -0.70916173312543 -1.3877787807814e-17 1.3877787807814e-17 
1 0 0 0 0 0 
-1 0 0 0 0 0 
2 0 0 0 0 0 
-2 0 0 0 0 0 
3 0 0 0 0 0 
-3 0 0 0 0 0 
4 0 0 0 0 0 
-4 0 0 0 0 0 
5 0 0 0 0 0 
-5 0 0 0 0 0 
6 0 0 0 0 0 
-6 0 0 0 0 0 
7 0 0 0 0 0 
-7 0 0 0 0 0 
8 0 0 0 0 0 
-8 0 0 0 0 0 
9 0 0 0 0 0 
-9 0 0 0 0 0 
10 0 0 0 0 0 
-10 0 0 0 0 0 
11 0 0 0 0 0 
-11 0 0 0 0 0 
12 0 0 0 0 0 
-12 0 0 0 0 0 
13 0 0 0 0 0 
-13 0 0 0 0 0 
14 0 0 0 0 0 
-14 0 0 0 0 0 
15 0 0 0 0 0 
-15 0 0 0 0 0 

0 0 1 -0.26958772762219 0 0 
1 0 0 0 0 0 
-1 0 0 0 0 0 
2 0 0 0 0 0 
-2 0 0 0 0 0 
3 0 0 0 0 0 
-3 0 0 0 0 0 
4 0 0 0 0 0 
-4 0 0 0 0 0 
5 0 0 0 0 0 
-5 0 0 0 0 0 
6 0 0 0 0 0 
-6 0 0 0 0 0 
7 0 0 0 0 0 
-7 0 0 0 0 0 
8 0 0 0 0 0 
-8 0 0 0 0 0 
9 0 0 0 0 0 
-9 0 0 0 0 0 
10 0 0 0 0 0 
-10 0 0 0 0 0 
11 0 0 0 0 0 
-11 0 0 0 0 0 
12 0 0 0 0 0 
-12 0 0 0 0 0 
13 0 0 0 0 0 
-13 0 0 0 0 0 
14 0 0 0 0 0 
-14 0 0 0 0 0 
15 0 0 0 0 0 
-15 0 0 0 0 0 

0 0 1 -0.70239814012161 0 0 
1 0 0 0 0 0 
-1 0 0 0 0 0 
2 0 0 0 0 0 
-2 0 0 0 0 0 
3 0 0 0 0 0 
-3 0 0 0 0 0 
4 0 0 0 0 0 
-4 0 0 0 0 0 
5 0 0 0 0 0 
-5 0 0 0 0 0 
6 0 0 0 0 0 
-6 0 0 0 0 0 
7 0 0 0 0 0 
-7 0 0 0 0 0 
8 0 0 0 0 0 
-8 0 0 0 0 0 
9 0 0 0 0 0 
-9 0 0 0 0 0 
10 0 0 0 0 0 
-10 0 0 0 0 0 
11 0 0 0 0 0 
-11 0 0 0 0 0 
12 0 0 0 0 0 
-12 0 0 0 0 0 
13 0 0 0 0 0 
-13 0 0 0 0 0 
14 0 0 0 0 0 
-14 0 0 0 0 0 
15 0 0 0 0 0 
-15 0 0 0 0 0 

