0.0000000	0.0195619	0.0195619	0.0195619	1.0000000	1.0000000	97.0000076
0.0499971	0.0133938	0.0133938	0.0133938	1.0000000	1.0000000	97.0074997
0.1000451	0.0117706	0.0117706	0.0117706	1.0000000	1.0000000	97.0149994
0.1500422	0.0296255	0.0296255	0.0296255	1.0000000	1.0000000	97.0224915
0.2000393	0.0546224	0.0546224	0.0546224	1.0000000	1.0000000	97.0299835
0.2499855	0.0961756	0.0961756	0.0961756	1.0000000	1.0000000	97.0374680
0.2999826	0.1247434	0.1247434	0.1247434	1.0000000	1.0000000	97.0449600
0.3499797	0.1273404	0.1273404	0.1273404	1.0000000	1.0000000	97.0524521
0.3999768	0.1143551	0.1143551	0.1143551	1.0000000	1.0000000	97.0599442
0.4499739	0.1016943	0.1016943	0.1016943	1.0000000	1.0000000	97.0674362
0.4999710	0.0818916	0.0818916	0.0818916	1.0000000	1.0000000	97.0749283
0.5499681	0.0650107	0.0650107	0.0650107	1.0000000	1.0000000	97.0824203
0.5999652	0.0507268	0.0507268	0.0507268	1.0000000	1.0000000	97.0899124
0.6499623	0.0403385	0.0403385	0.0403385	1.0000000	1.0000000	97.0974045
0.6999594	0.0435848	0.0435848	0.0435848	1.0000000	1.0000000	97.1048965
0.7499056	0.0400138	0.0400138	0.0400138	1.0000000	1.0000000	97.1123810
0.7999027	0.0335211	0.0335211	0.0335211	1.0000000	1.0000000	97.1198730
0.8498998	0.0283270	0.0283270	0.0283270	1.0000000	1.0000000	97.1273651
0.8999478	0.0228082	0.0228082	0.0228082	1.0000000	1.0000000	97.1348648
0.9499449	-0.0018640	-0.0018640	-0.0018640	1.0000000	1.0000000	97.1423569
0.9998911	-0.0262116	-0.0262116	-0.0262116	1.0000000	1.0000000	97.1498413
1.0498882	-0.0674401	-0.0674401	-0.0674401	1.0000000	1.0000000	97.1573334
1.0998853	-0.0921123	-0.0921123	-0.0921123	1.0000000	1.0000000	97.1648254
1.1498824	-0.1119150	-0.1119150	-0.1119150	1.0000000	1.0000000	97.1723175
1.1998795	-0.1041238	-0.1041238	-0.1041238	1.0000000	1.0000000	97.1798096
1.2498257	-0.0742574	-0.0742574	-0.0742574	1.0000000	1.0000000	97.1872940
1.2998228	-0.0495852	-0.0495852	-0.0495852	1.0000000	1.0000000	97.1947861
1.3498708	-0.0041364	-0.0041364	-0.0041364	1.0000000	1.0000000	97.2022858
1.3998679	0.0043041	0.0043041	0.0043041	1.0000000	1.0000000	97.2097778
1.4498650	0.0172894	0.0172894	0.0172894	1.0000000	1.0000000	97.2172699
1.4998112	0.0237821	0.0237821	0.0237821	1.0000000	1.0000000	97.2247543
1.5498083	0.0182633	0.0182633	0.0182633	1.0000000	1.0000000	97.2322464
1.5998054	0.0065765	0.0065765	0.0065765	1.0000000	1.0000000	97.2397385
1.6498025	-0.0171218	-0.0171218	-0.0171218	1.0000000	1.0000000	97.2472305
1.6997996	-0.0395216	-0.0395216	-0.0395216	1.0000000	1.0000000	97.2547226
1.7497967	-0.0531562	-0.0531562	-0.0531562	1.0000000	1.0000000	97.2622147
1.7997938	-0.0495852	-0.0495852	-0.0495852	1.0000000	1.0000000	97.2697067
1.8497909	-0.0430925	-0.0430925	-0.0430925	1.0000000	1.0000000	97.2771988
1.8997880	-0.0320550	-0.0320550	-0.0320550	1.0000000	1.0000000	97.2846909
1.9497851	-0.0226406	-0.0226406	-0.0226406	1.0000000	1.0000000	97.2921829
1.9997313	-0.0028379	-0.0028379	-0.0028379	1.0000000	1.0000000	97.2996674
2.0497284	0.0091736	0.0091736	0.0091736	1.0000000	1.0000000	97.3071594
2.0997255	0.0221589	0.0221589	0.0221589	1.0000000	1.0000000	97.3146515
2.1497226	0.0273531	0.0273531	0.0273531	1.0000000	1.0000000	97.3221436
2.1997706	0.0163155	0.0163155	0.0163155	1.0000000	1.0000000	97.3296432
2.2497168	0.0059272	0.0059272	0.0059272	1.0000000	1.0000000	97.3371277
2.2997139	-0.0245884	-0.0245884	-0.0245884	1.0000000	1.0000000	97.3446198
2.3497110	-0.0359506	-0.0359506	-0.0359506	1.0000000	1.0000000	97.3521118
2.3997081	-0.0353013	-0.0353013	-0.0353013	1.0000000	1.0000000	97.3596039
2.4497052	-0.0219913	-0.0219913	-0.0219913	1.0000000	1.0000000	97.3670959
2.4996513	-0.0031625	-0.0031625	-0.0031625	1.0000000	1.0000000	97.3745804
2.5496484	0.0098228	0.0098228	0.0098228	1.0000000	1.0000000	97.3820724
2.5996455	0.0250807	0.0250807	0.0250807	1.0000000	1.0000000	97.3895645
2.6496936	0.0276777	0.0276777	0.0276777	1.0000000	1.0000000	97.3970642
2.6996907	0.0156663	0.0156663	0.0156663	1.0000000	1.0000000	97.4045563
2.7496368	-0.0028379	-0.0028379	-0.0028379	1.0000000	1.0000000	97.4120407
2.7996339	-0.0258869	-0.0258869	-0.0258869	1.0000000	1.0000000	97.4195328
2.8496310	-0.0304318	-0.0304318	-0.0304318	1.0000000	1.0000000	97.4270248
2.8996281	-0.0291333	-0.0291333	-0.0291333	1.0000000	1.0000000	97.4345169
2.9496762	-0.0297825	-0.0297825	-0.0297825	1.0000000	1.0000000	97.4420166
2.9996733	-0.0278347	-0.0278347	-0.0278347	1.0000000	1.0000000	97.4495087
3.0497213	-0.0213420	-0.0213420	-0.0213420	1.0000000	1.0000000	97.4570084
3.0997184	0.0020316	0.0020316	0.0020316	1.0000000	1.0000000	97.4645004
3.1497155	0.0124199	0.0124199	0.0124199	1.0000000	1.0000000	97.4719925
3.1997126	0.0393646	0.0393646	0.0393646	1.0000000	1.0000000	97.4794846
3.2497606	0.0455326	0.0455326	0.0455326	1.0000000	1.0000000	97.4869843
3.2997577	0.0387153	0.0387153	0.0387153	1.0000000	1.0000000	97.4944763
3.3497548	0.0328719	0.0328719	0.0328719	1.0000000	1.0000000	97.5019684
3.3998028	0.0150170	0.0150170	0.0150170	1.0000000	1.0000000	97.5094681
3.4497999	0.0085243	0.0085243	0.0085243	1.0000000	1.0000000	97.5169601
3.4997970	-0.0129016	-0.0129016	-0.0129016	1.0000000	1.0000000	97.5244522
3.5497941	-0.0223159	-0.0223159	-0.0223159	1.0000000	1.0000000	97.5319443
3.5998421	-0.0372491	-0.0372491	-0.0372491	1.0000000	1.0000000	97.5394440
3.6498392	-0.0327042	-0.0327042	-0.0327042	1.0000000	1.0000000	97.5469360
3.6998363	-0.0375738	-0.0375738	-0.0375738	1.0000000	1.0000000	97.5544281
3.7498843	-0.0317303	-0.0317303	-0.0317303	1.0000000	1.0000000	97.5619278
3.7999323	-0.0258869	-0.0258869	-0.0258869	1.0000000	1.0000000	97.5694275
3.8499294	-0.0177711	-0.0177711	-0.0177711	1.0000000	1.0000000	97.5769196
3.8999265	-0.0138755	-0.0138755	-0.0138755	1.0000000	1.0000000	97.5844116
3.9499746	-0.0086813	-0.0086813	-0.0086813	1.0000000	1.0000000	97.5919113
3.9999717	0.0026809	0.0026809	0.0026809	1.0000000	1.0000000	97.5994034
4.0499688	-0.0025133	-0.0025133	-0.0025133	1.0000000	1.0000000	97.6068954
4.0999659	0.0150170	0.0150170	0.0150170	1.0000000	1.0000000	97.6143875
4.1500139	0.0075504	0.0075504	0.0075504	1.0000000	1.0000000	97.6218872
4.2000110	-0.0119277	-0.0119277	-0.0119277	1.0000000	1.0000000	97.6293793
4.2500081	-0.0242638	-0.0242638	-0.0242638	1.0000000	1.0000000	97.6368713
4.3000561	-0.0284840	-0.0284840	-0.0284840	1.0000000	1.0000000	97.6443710
4.3500532	-0.0070581	-0.0070581	-0.0070581	1.0000000	1.0000000	97.6518631
4.4000503	-0.0008901	-0.0008901	-0.0008901	1.0000000	1.0000000	97.6593552
4.4500474	0.0169648	0.0169648	0.0169648	1.0000000	1.0000000	97.6668472
4.5000954	0.0296255	0.0296255	0.0296255	1.0000000	1.0000000	97.6743469
4.5500925	0.0120953	0.0120953	0.0120953	1.0000000	1.0000000	97.6818390
4.6000896	-0.0177711	-0.0177711	-0.0177711	1.0000000	1.0000000	97.6893311
4.6501376	-0.0495852	-0.0495852	-0.0495852	1.0000000	1.0000000	97.6968307
4.7001347	-0.0781530	-0.0781530	-0.0781530	1.0000000	1.0000000	97.7043228
4.7501318	-0.0914630	-0.0914630	-0.0914630	1.0000000	1.0000000	97.7118149
4.8001289	-0.0781530	-0.0781530	-0.0781530	1.0000000	1.0000000	97.7193069
4.8502278	-0.0385477	-0.0385477	-0.0385477	1.0000000	1.0000000	97.7268143
4.9002249	-0.0067335	-0.0067335	-0.0067335	1.0000000	1.0000000	97.7343063
4.9502220	0.0250807	0.0250807	0.0250807	1.0000000	1.0000000	97.7417984
5.0002700	0.0370921	0.0370921	0.0370921	1.0000000	1.0000000	97.7492981
5.0502671	0.0400138	0.0400138	0.0400138	1.0000000	1.0000000	97.7567902
5.1002642	0.0393646	0.0393646	0.0393646	1.0000000	1.0000000	97.7642822
5.1502613	0.0396892	0.0396892	0.0396892	1.0000000	1.0000000	97.7717743
5.2003094	0.0305994	0.0305994	0.0305994	1.0000000	1.0000000	97.7792740
5.2503065	-0.0090059	-0.0090059	-0.0090059	1.0000000	1.0000000	97.7867661
5.3003036	-0.0359506	-0.0359506	-0.0359506	1.0000000	1.0000000	97.7942581
5.3503007	-0.0651677	-0.0651677	-0.0651677	1.0000000	1.0000000	97.8017502
5.4003487	-0.0801008	-0.0801008	-0.0801008	1.0000000	1.0000000	97.8092499
5.4503458	-0.0739328	-0.0739328	-0.0739328	1.0000000	1.0000000	97.8167419
5.5003429	-0.0495852	-0.0495852	-0.0495852	1.0000000	1.0000000	97.8242340
5.5503909	-0.0154986	-0.0154986	-0.0154986	1.0000000	1.0000000	97.8317337
5.6003880	0.0130692	0.0130692	0.0130692	1.0000000	1.0000000	97.8392258
5.6503851	0.0429355	0.0429355	0.0429355	1.0000000	1.0000000	97.8467178
5.7003822	0.0471558	0.0471558	0.0471558	1.0000000	1.0000000	97.8542099
5.7504302	0.0380660	0.0380660	0.0380660	1.0000000	1.0000000	97.8617096
5.8004273	0.0247560	0.0247560	0.0247560	1.0000000	1.0000000	97.8692017
5.8504244	-0.0021886	-0.0021886	-0.0021886	1.0000000	1.0000000	97.8766937
5.9004724	-0.0135508	-0.0135508	-0.0135508	1.0000000	1.0000000	97.8841934
5.9504695	-0.0226406	-0.0226406	-0.0226406	1.0000000	1.0000000	97.8916855
6.0004666	-0.0268608	-0.0268608	-0.0268608	1.0000000	1.0000000	97.8991776
6.0505146	-0.0314057	-0.0314057	-0.0314057	1.0000000	1.0000000	97.9066772
6.1005626	-0.0206928	-0.0206928	-0.0206928	1.0000000	1.0000000	97.9141769
6.1505597	-0.0112784	-0.0112784	-0.0112784	1.0000000	1.0000000	97.9216690
6.2005568	0.0030055	0.0030055	0.0030055	1.0000000	1.0000000	97.9291611
6.2505030	0.0094982	0.0094982	0.0094982	1.0000000	1.0000000	97.9366455
6.3005001	0.0117706	0.0117706	0.0117706	1.0000000	1.0000000	97.9441376
6.3504972	-0.0025133	-0.0025133	-0.0025133	1.0000000	1.0000000	97.9516296
6.4004943	-0.0391969	-0.0391969	-0.0391969	1.0000000	1.0000000	97.9591217
6.4503896	-0.0567272	-0.0567272	-0.0567272	1.0000000	1.0000000	97.9665985
6.5003867	-0.0658169	-0.0658169	-0.0658169	1.0000000	1.0000000	97.9740906
6.5503838	-0.0512084	-0.0512084	-0.0512084	1.0000000	1.0000000	97.9815826
6.6003300	-0.0424433	-0.0424433	-0.0424433	1.0000000	1.0000000	97.9890671
6.6503271	-0.0154986	-0.0154986	-0.0154986	1.0000000	1.0000000	97.9965591
6.7002733	0.0043041	0.0043041	0.0043041	1.0000000	1.0000000	98.0040436
6.7502195	0.0280024	0.0280024	0.0280024	1.0000000	1.0000000	98.0115280
6.8002166	0.0426109	0.0426109	0.0426109	1.0000000	1.0000000	98.0190201
6.8502137	0.0286516	0.0286516	0.0286516	1.0000000	1.0000000	98.0265121
6.9001598	0.0215097	0.0215097	0.0215097	1.0000000	1.0000000	98.0339966
6.9501060	-0.0031625	-0.0031625	-0.0031625	1.0000000	1.0000000	98.0414810
7.0001031	-0.0025133	-0.0025133	-0.0025133	1.0000000	1.0000000	98.0489731
7.0501002	-0.0203681	-0.0203681	-0.0203681	1.0000000	1.0000000	98.0564651
7.1000464	-0.0265362	-0.0265362	-0.0265362	1.0000000	1.0000000	98.0639496
7.1500435	-0.0466635	-0.0466635	-0.0466635	1.0000000	1.0000000	98.0714417
7.1999897	-0.0476374	-0.0476374	-0.0476374	1.0000000	1.0000000	98.0789261
7.2499359	-0.0447157	-0.0447157	-0.0447157	1.0000000	1.0000000	98.0864105
7.2999330	-0.0294579	-0.0294579	-0.0294579	1.0000000	1.0000000	98.0939026
7.3499301	-0.0051103	-0.0051103	-0.0051103	1.0000000	1.0000000	98.1013947
7.3998763	0.0172894	0.0172894	0.0172894	1.0000000	1.0000000	98.1088791
7.4498225	0.0247560	0.0247560	0.0247560	1.0000000	1.0000000	98.1163635
7.4998196	0.0305994	0.0305994	0.0305994	1.0000000	1.0000000	98.1238556
7.5497657	0.0234575	0.0234575	0.0234575	1.0000000	1.0000000	98.1313400
7.5997628	0.0140431	0.0140431	0.0140431	1.0000000	1.0000000	98.1388321
7.6497599	-0.0028379	-0.0028379	-0.0028379	1.0000000	1.0000000	98.1463242
7.6997061	0.0046287	0.0046287	0.0046287	1.0000000	1.0000000	98.1538086
7.7496523	0.0117706	0.0117706	0.0117706	1.0000000	1.0000000	98.1612930
7.7996494	0.0182633	0.0182633	0.0182633	1.0000000	1.0000000	98.1687851
7.8496465	0.0176141	0.0176141	0.0176141	1.0000000	1.0000000	98.1762772
7.8995927	0.0039794	0.0039794	0.0039794	1.0000000	1.0000000	98.1837616
7.9495389	-0.0213420	-0.0213420	-0.0213420	1.0000000	1.0000000	98.1912460
7.9995360	-0.0541301	-0.0541301	-0.0541301	1.0000000	1.0000000	98.1987381
8.0494822	-0.0602982	-0.0602982	-0.0602982	1.0000000	1.0000000	98.2062225
8.0994793	-0.0599735	-0.0599735	-0.0599735	1.0000000	1.0000000	98.2137146
8.1494764	-0.0408201	-0.0408201	-0.0408201	1.0000000	1.0000000	98.2212067
8.1993717	-0.0284840	-0.0284840	-0.0284840	1.0000000	1.0000000	98.2286835
8.2493688	-0.0323796	-0.0323796	-0.0323796	1.0000000	1.0000000	98.2361755
8.2993659	-0.0330289	-0.0330289	-0.0330289	1.0000000	1.0000000	98.2436676
8.3493630	-0.0411447	-0.0411447	-0.0411447	1.0000000	1.0000000	98.2511597
8.3993091	-0.0255623	-0.0255623	-0.0255623	1.0000000	1.0000000	98.2586441
8.4492553	-0.0119277	-0.0119277	-0.0119277	1.0000000	1.0000000	98.2661285
8.4992524	0.0065765	0.0065765	0.0065765	1.0000000	1.0000000	98.2736206
8.5491986	0.0208604	0.0208604	0.0208604	1.0000000	1.0000000	98.2811050
8.5991957	0.0296255	0.0296255	0.0296255	1.0000000	1.0000000	98.2885971
8.6491928	0.0221589	0.0221589	0.0221589	1.0000000	1.0000000	98.2960892
8.6990881	0.0039794	0.0039794	0.0039794	1.0000000	1.0000000	98.3035660
8.7490852	-0.0177711	-0.0177711	-0.0177711	1.0000000	1.0000000	98.3110580
8.7990823	-0.0327042	-0.0327042	-0.0327042	1.0000000	1.0000000	98.3185501
8.8490285	-0.0518577	-0.0518577	-0.0518577	1.0000000	1.0000000	98.3260345
8.8990256	-0.0583503	-0.0583503	-0.0583503	1.0000000	1.0000000	98.3335266
8.9489718	-0.0466635	-0.0466635	-0.0466635	1.0000000	1.0000000	98.3410110
8.9989179	-0.0252377	-0.0252377	-0.0252377	1.0000000	1.0000000	98.3484955
9.0489150	-0.0239391	-0.0239391	-0.0239391	1.0000000	1.0000000	98.3559875
9.0989121	-0.0044611	-0.0044611	-0.0044611	1.0000000	1.0000000	98.3634796
9.1489092	0.0120953	0.0120953	0.0120953	1.0000000	1.0000000	98.3709717
9.1988045	0.0198865	0.0198865	0.0198865	1.0000000	1.0000000	98.3784485
9.2488016	0.0182633	0.0182633	0.0182633	1.0000000	1.0000000	98.3859406
9.2987987	0.0107967	0.0107967	0.0107967	1.0000000	1.0000000	98.3934326
9.3487449	0.0013824	0.0013824	0.0013824	1.0000000	1.0000000	98.4009171
9.3987420	-0.0044611	-0.0044611	-0.0044611	1.0000000	1.0000000	98.4084091
9.4486882	-0.0119277	-0.0119277	-0.0119277	1.0000000	1.0000000	98.4158936
9.4986344	-0.0294579	-0.0294579	-0.0294579	1.0000000	1.0000000	98.4233780
9.5486315	-0.0408201	-0.0408201	-0.0408201	1.0000000	1.0000000	98.4308701
9.5987304	-0.0385477	-0.0385477	-0.0385477	1.0000000	1.0000000	98.4383774
9.6486766	-0.0255623	-0.0255623	-0.0255623	1.0000000	1.0000000	98.4458618
9.6987246	-0.0314057	-0.0314057	-0.0314057	1.0000000	1.0000000	98.4533615
9.7486708	-0.0469882	-0.0469882	-0.0469882	1.0000000	1.0000000	98.4608459
9.7986679	-0.0680894	-0.0680894	-0.0680894	1.0000000	1.0000000	98.4683380
9.8486141	-0.0979557	-0.0979557	-0.0979557	1.0000000	1.0000000	98.4758224
9.8986112	-0.1080194	-0.1080194	-0.1080194	1.0000000	1.0000000	98.4833145
9.9486083	-0.1200309	-0.1200309	-0.1200309	1.0000000	1.0000000	98.4908066
9.9985545	-0.1236018	-0.1236018	-0.1236018	1.0000000	1.0000000	98.4982910
10.0486025	-0.1187323	-0.1187323	-0.1187323	1.0000000	1.0000000	98.5057907
10.0985487	-0.1002282	-0.1002282	-0.1002282	1.0000000	1.0000000	98.5132751
10.1485458	-0.0570518	-0.0570518	-0.0570518	1.0000000	1.0000000	98.5207672
10.1984919	-0.0103045	-0.0103045	-0.0103045	1.0000000	1.0000000	98.5282516
10.2484890	0.0026809	0.0026809	0.0026809	1.0000000	1.0000000	98.5357437
10.2984861	-0.0031625	-0.0031625	-0.0031625	1.0000000	1.0000000	98.5432358
10.3484323	-0.0284840	-0.0284840	-0.0284840	1.0000000	1.0000000	98.5507202
10.3984294	-0.0395216	-0.0395216	-0.0395216	1.0000000	1.0000000	98.5582123
10.4484265	-0.0148494	-0.0148494	-0.0148494	1.0000000	1.0000000	98.5657043
10.4983727	0.0666338	0.0666338	0.0666338	1.0000000	1.0000000	98.5731888
10.5483698	0.1757109	0.1757109	0.1757109	1.0000000	1.0000000	98.5806808
10.5983669	0.3185500	0.3185500	0.3185500	1.0000000	1.0000000	98.5881729
10.6483640	0.4058766	0.4058766	0.4058766	1.0000000	1.0000000	98.5956650
10.6983102	0.4441835	0.4441835	0.4441835	1.0000000	1.0000000	98.6031494
10.7482564	0.4240562	0.4240562	0.4240562	1.0000000	1.0000000	98.6106339
10.7983044	0.3445208	0.3445208	0.3445208	1.0000000	1.0000000	98.6181335
10.8482506	0.2584927	0.2584927	0.2584927	1.0000000	1.0000000	98.6256180
10.8982477	0.1468185	0.1468185	0.1468185	1.0000000	1.0000000	98.6331100
10.9482448	0.0601412	0.0601412	0.0601412	1.0000000	1.0000000	98.6406021
10.9981910	-0.0294579	-0.0294579	-0.0294579	1.0000000	1.0000000	98.6480865
11.0481881	-0.1037991	-0.1037991	-0.1037991	1.0000000	1.0000000	98.6555786
11.0981343	-0.1563899	-0.1563899	-0.1563899	1.0000000	1.0000000	98.6630630
11.1481823	-0.1959953	-0.1959953	-0.1959953	1.0000000	1.0000000	98.6705627
11.1981285	-0.2193689	-0.2193689	-0.2193689	1.0000000	1.0000000	98.6780472
11.2480747	-0.2190443	-0.2190443	-0.2190443	1.0000000	1.0000000	98.6855316
11.2981227	-0.2037865	-0.2037865	-0.2037865	1.0000000	1.0000000	98.6930313
11.3480689	-0.1885287	-0.1885287	-0.1885287	1.0000000	1.0000000	98.7005157
11.3980660	-0.1774911	-0.1774911	-0.1774911	1.0000000	1.0000000	98.7080078
11.4480121	-0.1625579	-0.1625579	-0.1625579	1.0000000	1.0000000	98.7154922
11.4980602	-0.1482740	-0.1482740	-0.1482740	1.0000000	1.0000000	98.7229919
11.5480063	-0.1333409	-0.1333409	-0.1333409	1.0000000	1.0000000	98.7304764
11.5979525	-0.1167845	-0.1167845	-0.1167845	1.0000000	1.0000000	98.7379608
11.6479496	-0.1005528	-0.1005528	-0.1005528	1.0000000	1.0000000	98.7454529
11.6979467	-0.0742574	-0.0742574	-0.0742574	1.0000000	1.0000000	98.7529449
11.7479438	-0.0547794	-0.0547794	-0.0547794	1.0000000	1.0000000	98.7604370
11.7978900	-0.0463389	-0.0463389	-0.0463389	1.0000000	1.0000000	98.7679214
11.8478871	-0.0440664	-0.0440664	-0.0440664	1.0000000	1.0000000	98.7754135
11.8978842	-0.0378984	-0.0378984	-0.0378984	1.0000000	1.0000000	98.7829056
11.9478304	-0.0359506	-0.0359506	-0.0359506	1.0000000	1.0000000	98.7903900
11.9978275	-0.0271855	-0.0271855	-0.0271855	1.0000000	1.0000000	98.7978821
12.0478246	-0.0129016	-0.0129016	-0.0129016	1.0000000	1.0000000	98.8053741
12.0977708	0.0030055	0.0030055	0.0030055	1.0000000	1.0000000	98.8128586
12.1477679	-0.0012147	-0.0012147	-0.0012147	1.0000000	1.0000000	98.8203506
12.1977650	0.0036548	0.0036548	0.0036548	1.0000000	1.0000000	98.8278427
12.2477621	0.0075504	0.0075504	0.0075504	1.0000000	1.0000000	98.8353348
12.2977083	0.0081997	0.0081997	0.0081997	1.0000000	1.0000000	98.8428192
12.3476545	0.0280024	0.0280024	0.0280024	1.0000000	1.0000000	98.8503036
12.3977025	0.0400138	0.0400138	0.0400138	1.0000000	1.0000000	98.8578033
12.4476487	0.0289763	0.0289763	0.0289763	1.0000000	1.0000000	98.8652878
12.4976458	0.0150170	0.0150170	0.0150170	1.0000000	1.0000000	98.8727798
12.5476429	-0.0109537	-0.0109537	-0.0109537	1.0000000	1.0000000	98.8802719
12.5975890	-0.0365999	-0.0365999	-0.0365999	1.0000000	1.0000000	98.8877563
12.6475861	-0.0489360	-0.0489360	-0.0489360	1.0000000	1.0000000	98.8952484
12.6975323	-0.0307564	-0.0307564	-0.0307564	1.0000000	1.0000000	98.9027328
12.7475803	-0.0012147	-0.0012147	-0.0012147	1.0000000	1.0000000	98.9102325
12.7975265	0.0192372	0.0192372	0.0192372	1.0000000	1.0000000	98.9177170
12.8475236	0.0357936	0.0357936	0.0357936	1.0000000	1.0000000	98.9252090
12.8976735	0.0224836	0.0224836	0.0224836	1.0000000	1.0000000	98.9327240
12.9476706	0.0004084	0.0004084	0.0004084	1.0000000	1.0000000	98.9402161
12.9977186	-0.0083567	-0.0083567	-0.0083567	1.0000000	1.0000000	98.9477158
13.0477666	-0.0044611	-0.0044611	-0.0044611	1.0000000	1.0000000	98.9552155
13.0978146	0.0117706	0.0117706	0.0117706	1.0000000	1.0000000	98.9627151
13.1477608	0.0205358	0.0205358	0.0205358	1.0000000	1.0000000	98.9701996
13.1978088	0.0065765	0.0065765	0.0065765	1.0000000	1.0000000	98.9776993
13.2478568	0.0010577	0.0010577	0.0010577	1.0000000	1.0000000	98.9851990
13.2979048	-0.0145247	-0.0145247	-0.0145247	1.0000000	1.0000000	98.9926987
13.3479019	-0.0232899	-0.0232899	-0.0232899	1.0000000	1.0000000	99.0001907
13.3978990	-0.0080320	-0.0080320	-0.0080320	1.0000000	1.0000000	99.0076828
13.4479471	0.0166402	0.0166402	0.0166402	1.0000000	1.0000000	99.0151825
13.4979951	0.0280024	0.0280024	0.0280024	1.0000000	1.0000000	99.0226822
13.5479922	0.0289763	0.0289763	0.0289763	1.0000000	1.0000000	99.0301743
13.5980402	0.0069011	0.0069011	0.0069011	1.0000000	1.0000000	99.0376740
13.6480373	-0.0239391	-0.0239391	-0.0239391	1.0000000	1.0000000	99.0451660
13.6980853	-0.0288086	-0.0288086	-0.0288086	1.0000000	1.0000000	99.0526657
13.7480824	-0.0456896	-0.0456896	-0.0456896	1.0000000	1.0000000	99.0601578
13.7981304	-0.0349767	-0.0349767	-0.0349767	1.0000000	1.0000000	99.0676575
13.8481784	-0.0171218	-0.0171218	-0.0171218	1.0000000	1.0000000	99.0751572
13.8981246	-0.0109537	-0.0109537	-0.0109537	1.0000000	1.0000000	99.0826416
13.9481726	-0.0132262	-0.0132262	-0.0132262	1.0000000	1.0000000	99.0901413
13.9982206	-0.0268608	-0.0268608	-0.0268608	1.0000000	1.0000000	99.0976410
14.0482686	-0.0258869	-0.0258869	-0.0258869	1.0000000	1.0000000	99.1051407
14.0982657	-0.0200435	-0.0200435	-0.0200435	1.0000000	1.0000000	99.1126328
14.1482628	-0.0073828	-0.0073828	-0.0073828	1.0000000	1.0000000	99.1201248
14.1983109	0.0065765	0.0065765	0.0065765	1.0000000	1.0000000	99.1276245
14.2483589	0.0069011	0.0069011	0.0069011	1.0000000	1.0000000	99.1351242
14.2983560	0.0140431	0.0140431	0.0140431	1.0000000	1.0000000	99.1426163
14.3484040	0.0026809	0.0026809	0.0026809	1.0000000	1.0000000	99.1501160
14.3984011	-0.0057596	-0.0057596	-0.0057596	1.0000000	1.0000000	99.1576080
14.4484491	-0.0213420	-0.0213420	-0.0213420	1.0000000	1.0000000	99.1651077
14.4984462	-0.0265362	-0.0265362	-0.0265362	1.0000000	1.0000000	99.1725998
14.5484942	-0.0349767	-0.0349767	-0.0349767	1.0000000	1.0000000	99.1800995
14.5985422	-0.0258869	-0.0258869	-0.0258869	1.0000000	1.0000000	99.1875992
14.6484884	0.0007331	0.0007331	0.0007331	1.0000000	1.0000000	99.1950836
14.6985364	0.0348197	0.0348197	0.0348197	1.0000000	1.0000000	99.2025833
14.7485844	0.0296255	0.0296255	0.0296255	1.0000000	1.0000000	99.2100830
14.7986325	0.0146924	0.0146924	0.0146924	1.0000000	1.0000000	99.2175827
14.8486296	0.0013824	0.0013824	0.0013824	1.0000000	1.0000000	99.2250748
14.8986267	-0.0125769	-0.0125769	-0.0125769	1.0000000	1.0000000	99.2325668
14.9486747	-0.0219913	-0.0219913	-0.0219913	1.0000000	1.0000000	99.2400665
14.9987227	-0.0135508	-0.0135508	-0.0135508	1.0000000	1.0000000	99.2475662
15.0487198	-0.0203681	-0.0203681	-0.0203681	1.0000000	1.0000000	99.2550583
15.0987678	-0.0154986	-0.0154986	-0.0154986	1.0000000	1.0000000	99.2625580
15.1487649	-0.0275101	-0.0275101	-0.0275101	1.0000000	1.0000000	99.2700500
15.1988129	-0.0232899	-0.0232899	-0.0232899	1.0000000	1.0000000	99.2775497
15.2488100	-0.0142001	-0.0142001	-0.0142001	1.0000000	1.0000000	99.2850418
15.2988580	0.0052780	0.0052780	0.0052780	1.0000000	1.0000000	99.2925415
15.3489060	0.0114460	0.0114460	0.0114460	1.0000000	1.0000000	99.3000412
15.3989031	0.0143677	0.0143677	0.0143677	1.0000000	1.0000000	99.3075333
15.4489002	0.0130692	0.0130692	0.0130692	1.0000000	1.0000000	99.3150253
15.4989482	-0.0255623	-0.0255623	-0.0255623	1.0000000	1.0000000	99.3225250
15.5489963	-0.0547794	-0.0547794	-0.0547794	1.0000000	1.0000000	99.3300247
15.5990443	-0.0771791	-0.0771791	-0.0771791	1.0000000	1.0000000	99.3375244
15.6489905	-0.0927616	-0.0927616	-0.0927616	1.0000000	1.0000000	99.3450089
15.6990385	-0.0589996	-0.0589996	-0.0589996	1.0000000	1.0000000	99.3525085
15.7490865	-0.0229652	-0.0229652	-0.0229652	1.0000000	1.0000000	99.3600082
15.7990836	0.0114460	0.0114460	0.0114460	1.0000000	1.0000000	99.3675003
15.8491316	0.0218343	0.0218343	0.0218343	1.0000000	1.0000000	99.3750000
15.8991287	0.0263792	0.0263792	0.0263792	1.0000000	1.0000000	99.3824921
15.9491767	0.0098228	0.0098228	0.0098228	1.0000000	1.0000000	99.3899918
15.9991738	0.0163155	0.0163155	0.0163155	1.0000000	1.0000000	99.3974838
16.0492218	0.0098228	0.0098228	0.0098228	1.0000000	1.0000000	99.4049835
16.0992698	0.0065765	0.0065765	0.0065765	1.0000000	1.0000000	99.4124832
16.1492669	0.0043041	0.0043041	0.0043041	1.0000000	1.0000000	99.4199753
16.1992640	-0.0041364	-0.0041364	-0.0041364	1.0000000	1.0000000	99.4274673
16.2492611	-0.0154986	-0.0154986	-0.0154986	1.0000000	1.0000000	99.4349594
16.2992582	-0.0232899	-0.0232899	-0.0232899	1.0000000	1.0000000	99.4424515
16.3492553	-0.0232899	-0.0232899	-0.0232899	1.0000000	1.0000000	99.4499435
16.3992524	-0.0028379	-0.0028379	-0.0028379	1.0000000	1.0000000	99.4574356
16.4491986	0.0185880	0.0185880	0.0185880	1.0000000	1.0000000	99.4649200
16.4991957	0.0182633	0.0182633	0.0182633	1.0000000	1.0000000	99.4724121
16.5491928	0.0328719	0.0328719	0.0328719	1.0000000	1.0000000	99.4799042
16.5991899	0.0195619	0.0195619	0.0195619	1.0000000	1.0000000	99.4873962
16.6491361	0.0085243	0.0085243	0.0085243	1.0000000	1.0000000	99.4948807
16.6991332	-0.0200435	-0.0200435	-0.0200435	1.0000000	1.0000000	99.5023727
16.7491303	-0.0518577	-0.0518577	-0.0518577	1.0000000	1.0000000	99.5098648
16.7991274	-0.0914630	-0.0914630	-0.0914630	1.0000000	1.0000000	99.5173569
16.8490736	-0.0982804	-0.0982804	-0.0982804	1.0000000	1.0000000	99.5248413
16.8991216	-0.0784777	-0.0784777	-0.0784777	1.0000000	1.0000000	99.5323410
16.9491187	-0.0577011	-0.0577011	-0.0577011	1.0000000	1.0000000	99.5398331
16.9990649	-0.0268608	-0.0268608	-0.0268608	1.0000000	1.0000000	99.5473175
17.0490620	0.0007331	0.0007331	0.0007331	1.0000000	1.0000000	99.5548096
17.0990591	0.0224836	0.0224836	0.0224836	1.0000000	1.0000000	99.5623016
17.1490562	0.0208604	0.0208604	0.0208604	1.0000000	1.0000000	99.5697937
17.1990024	0.0127446	0.0127446	0.0127446	1.0000000	1.0000000	99.5772781
17.2490504	-0.0125769	-0.0125769	-0.0125769	1.0000000	1.0000000	99.5847778
17.2989966	-0.0492606	-0.0492606	-0.0492606	1.0000000	1.0000000	99.5922623
17.3489937	-0.0551040	-0.0551040	-0.0551040	1.0000000	1.0000000	99.5997543
17.3989399	-0.0560779	-0.0560779	-0.0560779	1.0000000	1.0000000	99.6072388
17.4489879	-0.0625706	-0.0625706	-0.0625706	1.0000000	1.0000000	99.6147385
17.4989341	-0.0466635	-0.0466635	-0.0466635	1.0000000	1.0000000	99.6222229
17.5489312	-0.0440664	-0.0440664	-0.0440664	1.0000000	1.0000000	99.6297150
17.5989283	-0.0219913	-0.0219913	-0.0219913	1.0000000	1.0000000	99.6372070
17.6489254	0.0315733	0.0315733	0.0315733	1.0000000	1.0000000	99.6446991
17.6988716	0.0848134	0.0848134	0.0848134	1.0000000	1.0000000	99.6521835
17.7488687	0.1354563	0.1354563	0.1354563	1.0000000	1.0000000	99.6596756
17.7989167	0.1662966	0.1662966	0.1662966	1.0000000	1.0000000	99.6671753
17.8488629	0.1643487	0.1643487	0.1643487	1.0000000	1.0000000	99.6746597
17.8988600	0.1370795	0.1370795	0.1370795	1.0000000	1.0000000	99.6821518
17.9488061	0.0971495	0.0971495	0.0971495	1.0000000	1.0000000	99.6896362
17.9988032	0.0542977	0.0542977	0.0542977	1.0000000	1.0000000	99.6971283
18.0488003	0.0159909	0.0159909	0.0159909	1.0000000	1.0000000	99.7046204
18.0987974	-0.0275101	-0.0275101	-0.0275101	1.0000000	1.0000000	99.7121124
18.1487945	-0.0664662	-0.0664662	-0.0664662	1.0000000	1.0000000	99.7196045
18.1987916	-0.0969818	-0.0969818	-0.0969818	1.0000000	1.0000000	99.7270966
18.2487378	-0.1096426	-0.1096426	-0.1096426	1.0000000	1.0000000	99.7345810
18.2987349	-0.1171091	-0.1171091	-0.1171091	1.0000000	1.0000000	99.7420731
18.3487320	-0.1210048	-0.1210048	-0.1210048	1.0000000	1.0000000	99.7495651
18.3987291	-0.0940601	-0.0940601	-0.0940601	1.0000000	1.0000000	99.7570572
18.4486753	-0.0739328	-0.0739328	-0.0739328	1.0000000	1.0000000	99.7645416
18.4987233	-0.0495852	-0.0495852	-0.0495852	1.0000000	1.0000000	99.7720413
18.5486695	-0.0564025	-0.0564025	-0.0564025	1.0000000	1.0000000	99.7795258
18.5986666	-0.0693879	-0.0693879	-0.0693879	1.0000000	1.0000000	99.7870178
18.6486128	-0.0914630	-0.0914630	-0.0914630	1.0000000	1.0000000	99.7945023
18.6986608	-0.0904891	-0.0904891	-0.0904891	1.0000000	1.0000000	99.8020020
18.7486070	-0.0723096	-0.0723096	-0.0723096	1.0000000	1.0000000	99.8094864
18.7986041	-0.0281594	-0.0281594	-0.0281594	1.0000000	1.0000000	99.8169785
18.8486012	0.0325472	0.0325472	0.0325472	1.0000000	1.0000000	99.8244705
18.8985983	0.0581933	0.0581933	0.0581933	1.0000000	1.0000000	99.8319626
18.9485954	0.0656599	0.0656599	0.0656599	1.0000000	1.0000000	99.8394547
18.9985416	0.0374168	0.0374168	0.0374168	1.0000000	1.0000000	99.8469391
19.0485896	-0.0151740	-0.0151740	-0.0151740	1.0000000	1.0000000	99.8544388
19.0985358	-0.0521823	-0.0521823	-0.0521823	1.0000000	1.0000000	99.8619232
19.1485329	-0.0878921	-0.0878921	-0.0878921	1.0000000	1.0000000	99.8694153
19.1984791	-0.0810747	-0.0810747	-0.0810747	1.0000000	1.0000000	99.8768997
19.2485271	-0.0489360	-0.0489360	-0.0489360	1.0000000	1.0000000	99.8843994
19.2984733	-0.0034872	-0.0034872	-0.0034872	1.0000000	1.0000000	99.8918839
19.3484704	0.0572194	0.0572194	0.0572194	1.0000000	1.0000000	99.8993759
19.3984675	0.0900075	0.0900075	0.0900075	1.0000000	1.0000000	99.9068680
19.4484646	0.0880597	0.0880597	0.0880597	1.0000000	1.0000000	99.9143600
19.4984108	0.0280024	0.0280024	0.0280024	1.0000000	1.0000000	99.9218445
19.5484588	-0.0713357	-0.0713357	-0.0713357	1.0000000	1.0000000	99.9293442
19.5985068	-0.1547667	-0.1547667	-0.1547667	1.0000000	1.0000000	99.9368439
19.6485039	-0.2086560	-0.2086560	-0.2086560	1.0000000	1.0000000	99.9443359
19.6985519	-0.2170965	-0.2170965	-0.2170965	1.0000000	1.0000000	99.9518356
19.7485490	-0.2190443	-0.2190443	-0.2190443	1.0000000	1.0000000	99.9593277
19.7985461	-0.2174211	-0.2174211	-0.2174211	1.0000000	1.0000000	99.9668198
19.8485941	-0.2381977	-0.2381977	-0.2381977	1.0000000	1.0000000	99.9743195
19.8985912	-0.3083187	-0.3083187	-0.3083187	1.0000000	1.0000000	99.9818115
19.9486392	-0.4196683	-0.4196683	-0.4196683	1.0000000	1.0000000	99.9893112
19.9986363	-0.5102413	-0.5102413	-0.5102413	1.0000000	1.0000000	99.9968033
20.0486334	-0.5969186	-0.5969186	-0.5969186	1.0000000	1.0000000	100.0042953
20.0986814	-0.6689875	-0.6689875	-0.6689875	1.0000000	1.0000000	100.0117950
20.1486785	-0.7287202	-0.7287202	-0.7287202	1.0000000	1.0000000	100.0192871
20.1987266	-0.6745062	-0.6745062	-0.6745062	1.0000000	1.0000000	100.0267868
20.2487237	-0.5030993	-0.5030993	-0.5030993	1.0000000	1.0000000	100.0342789
20.2987208	-0.3060463	-0.3060463	-0.3060463	1.0000000	1.0000000	100.0417709
20.3487688	-0.0914630	-0.0914630	-0.0914630	1.0000000	1.0000000	100.0492706
20.3987659	0.0838395	0.0838395	0.0838395	1.0000000	1.0000000	100.0567627
20.4488139	0.2296002	0.2296002	0.2296002	1.0000000	1.0000000	100.0642624
20.4988110	0.2925793	0.2925793	0.2925793	1.0000000	1.0000000	100.0717545
20.5488081	0.3110834	0.3110834	0.3110834	1.0000000	1.0000000	100.0792465
20.5988561	0.2896576	0.2896576	0.2896576	1.0000000	1.0000000	100.0867462
20.6488532	0.3029676	0.3029676	0.3029676	1.0000000	1.0000000	100.0942383
20.6989012	0.5071626	0.5071626	0.5071626	1.0000000	1.0000000	100.1017380
20.7488983	1.0015808	1.0015808	1.0015808	1.0000000	1.0000000	100.1092300
20.7988954	1.7907680	1.7907680	1.7907680	1.0000000	1.0000000	100.1167221
20.8488925	2.6812437	2.6812437	2.6812437	1.0000000	1.0000000	100.1242142
20.8989405	3.2639667	3.2639667	3.2639667	1.0000000	1.0000000	100.1317139
20.9489885	3.4516072	3.4516072	3.4516072	1.0000000	1.0000000	100.1392136
20.9989856	3.0526280	3.0526280	3.0526280	1.0000000	1.0000000	100.1467056
21.0489827	2.2702546	2.2702546	2.2702546	1.0000000	1.0000000	100.1541977
21.0989798	1.2307728	1.2307728	1.2307728	1.0000000	1.0000000	100.1616898
21.1490279	0.2487537	0.2487537	0.2487537	1.0000000	1.0000000	100.1691895
21.1990759	-0.6504833	-0.6504833	-0.6504833	1.0000000	1.0000000	100.1766891
21.2490730	-1.2507325	-1.2507325	-1.2507325	1.0000000	1.0000000	100.1841812
21.2990701	-1.6295813	-1.6295813	-1.6295813	1.0000000	1.0000000	100.1916733
21.3490672	-1.7724208	-1.7724208	-1.7724208	1.0000000	1.0000000	100.1991653
21.3991152	-1.8149480	-1.8149480	-1.8149480	1.0000000	1.0000000	100.2066650
21.4491632	-1.7574875	-1.7574875	-1.7574875	1.0000000	1.0000000	100.2141647
21.4991603	-1.6328277	-1.6328277	-1.6328277	1.0000000	1.0000000	100.2216568
21.5491574	-1.4701856	-1.4701856	-1.4701856	1.0000000	1.0000000	100.2291489
21.5991545	-1.2734569	-1.2734569	-1.2734569	1.0000000	1.0000000	100.2366409
21.6492025	-1.1156845	-1.1156845	-1.1156845	1.0000000	1.0000000	100.2441406
21.6991996	-0.9374601	-0.9374601	-0.9374601	1.0000000	1.0000000	100.2516327
21.7492476	-0.8124759	-0.8124759	-0.8124759	1.0000000	1.0000000	100.2591324
21.7992447	-0.6663904	-0.6663904	-0.6663904	1.0000000	1.0000000	100.2666245
21.8492418	-0.5472496	-0.5472496	-0.5472496	1.0000000	1.0000000	100.2741165
21.8992898	-0.4066829	-0.4066829	-0.4066829	1.0000000	1.0000000	100.2816162
21.9492869	-0.3040985	-0.3040985	-0.3040985	1.0000000	1.0000000	100.2891083
21.9993349	-0.1833345	-0.1833345	-0.1833345	1.0000000	1.0000000	100.2966080
22.0493320	-0.1135382	-0.1135382	-0.1135382	1.0000000	1.0000000	100.3041000
22.0993291	-0.0453650	-0.0453650	-0.0453650	1.0000000	1.0000000	100.3115921
22.1493772	0.0020316	0.0020316	0.0020316	1.0000000	1.0000000	100.3190918
22.1993743	0.0354689	0.0354689	0.0354689	1.0000000	1.0000000	100.3265839
22.2494223	0.0539731	0.0539731	0.0539731	1.0000000	1.0000000	100.3340836
22.2994194	0.0792946	0.0792946	0.0792946	1.0000000	1.0000000	100.3415756
22.3494165	0.0870858	0.0870858	0.0870858	1.0000000	1.0000000	100.3490677
22.3994645	0.0900075	0.0900075	0.0900075	1.0000000	1.0000000	100.3565674
22.4494616	0.0805931	0.0805931	0.0805931	1.0000000	1.0000000	100.3640594
22.4995096	0.0844887	0.0844887	0.0844887	1.0000000	1.0000000	100.3715591
22.5494558	0.0721526	0.0721526	0.0721526	1.0000000	1.0000000	100.3790436
22.5995038	0.0815670	0.0815670	0.0815670	1.0000000	1.0000000	100.3865433
22.6495518	0.0724773	0.0724773	0.0724773	1.0000000	1.0000000	100.3940430
22.6995489	0.0698802	0.0698802	0.0698802	1.0000000	1.0000000	100.4015350
22.7495969	0.0708541	0.0708541	0.0708541	1.0000000	1.0000000	100.4090347
22.7995940	0.0692309	0.0692309	0.0692309	1.0000000	1.0000000	100.4165268
22.8495911	0.0741004	0.0741004	0.0741004	1.0000000	1.0000000	100.4240189
22.8996391	0.0679324	0.0679324	0.0679324	1.0000000	1.0000000	100.4315186
22.9496872	0.0760482	0.0760482	0.0760482	1.0000000	1.0000000	100.4390182
22.9996843	0.0750743	0.0750743	0.0750743	1.0000000	1.0000000	100.4465103
23.0496814	0.0789699	0.0789699	0.0789699	1.0000000	1.0000000	100.4540024
23.0996785	0.0783207	0.0783207	0.0783207	1.0000000	1.0000000	100.4614944
23.1496756	0.0802685	0.0802685	0.0802685	1.0000000	1.0000000	100.4689865
23.1997236	0.0861119	0.0861119	0.0861119	1.0000000	1.0000000	100.4764862
23.2497207	0.0864365	0.0864365	0.0864365	1.0000000	1.0000000	100.4839783
23.2996669	0.0841641	0.0841641	0.0841641	1.0000000	1.0000000	100.4914627
23.3496640	0.0981234	0.0981234	0.0981234	1.0000000	1.0000000	100.4989548
23.3997120	0.0841641	0.0841641	0.0841641	1.0000000	1.0000000	100.5064545
23.4497091	0.0818916	0.0818916	0.0818916	1.0000000	1.0000000	100.5139465
23.4997062	0.0776714	0.0776714	0.0776714	1.0000000	1.0000000	100.5214386
23.5497033	0.0692309	0.0692309	0.0692309	1.0000000	1.0000000	100.5289307
23.5997004	0.0611151	0.0611151	0.0611151	1.0000000	1.0000000	100.5364227
23.6496975	0.0468311	0.0468311	0.0468311	1.0000000	1.0000000	100.5439148
23.6996946	0.0364429	0.0364429	0.0364429	1.0000000	1.0000000	100.5514069
23.7497426	0.0221589	0.0221589	0.0221589	1.0000000	1.0000000	100.5589066
23.7996888	0.0153416	0.0153416	0.0153416	1.0000000	1.0000000	100.5663910
23.8496859	0.0056026	0.0056026	0.0056026	1.0000000	1.0000000	100.5738831
23.8997339	-0.0031625	-0.0031625	-0.0031625	1.0000000	1.0000000	100.5813828
23.9497310	-0.0148494	-0.0148494	-0.0148494	1.0000000	1.0000000	100.5888748
23.9997281	-0.0236145	-0.0236145	-0.0236145	1.0000000	1.0000000	100.5963669
24.0496743	-0.0258869	-0.0258869	-0.0258869	1.0000000	1.0000000	100.6038513
24.0997223	-0.0343274	-0.0343274	-0.0343274	1.0000000	1.0000000	100.6113510
24.1497194	-0.0362752	-0.0362752	-0.0362752	1.0000000	1.0000000	100.6188431
24.1997165	-0.0411447	-0.0411447	-0.0411447	1.0000000	1.0000000	100.6263351
24.2497136	-0.0401708	-0.0401708	-0.0401708	1.0000000	1.0000000	100.6338272
24.2997107	-0.0385477	-0.0385477	-0.0385477	1.0000000	1.0000000	100.6413193
24.3497078	-0.0417940	-0.0417940	-0.0417940	1.0000000	1.0000000	100.6488113
24.3997049	-0.0353013	-0.0353013	-0.0353013	1.0000000	1.0000000	100.6563034
24.4497529	-0.0421186	-0.0421186	-0.0421186	1.0000000	1.0000000	100.6638031
24.4997500	-0.0401708	-0.0401708	-0.0401708	1.0000000	1.0000000	100.6712952
24.5496962	-0.0297825	-0.0297825	-0.0297825	1.0000000	1.0000000	100.6787796
24.5996933	-0.0359506	-0.0359506	-0.0359506	1.0000000	1.0000000	100.6862717
24.6497413	-0.0226406	-0.0226406	-0.0226406	1.0000000	1.0000000	100.6937714
24.6997384	-0.0174464	-0.0174464	-0.0174464	1.0000000	1.0000000	100.7012634
24.7497355	-0.0271855	-0.0271855	-0.0271855	1.0000000	1.0000000	100.7087555
24.7997326	-0.0158233	-0.0158233	-0.0158233	1.0000000	1.0000000	100.7162476
24.8497297	-0.0164725	-0.0164725	-0.0164725	1.0000000	1.0000000	100.7237396
24.8997268	-0.0083567	-0.0083567	-0.0083567	1.0000000	1.0000000	100.7312317
24.9497239	-0.0073828	-0.0073828	-0.0073828	1.0000000	1.0000000	100.7387238
24.9997719	-0.0119277	-0.0119277	-0.0119277	1.0000000	1.0000000	100.7462234
25.0497181	-0.0064089	-0.0064089	-0.0064089	1.0000000	1.0000000	100.7537079
25.0997152	-0.0083567	-0.0083567	-0.0083567	1.0000000	1.0000000	100.7612000
25.1497632	-0.0054350	-0.0054350	-0.0054350	1.0000000	1.0000000	100.7686996
25.1997603	-0.0103045	-0.0103045	-0.0103045	1.0000000	1.0000000	100.7761917
25.2497574	-0.0073828	-0.0073828	-0.0073828	1.0000000	1.0000000	100.7836838
25.2997036	-0.0031625	-0.0031625	-0.0031625	1.0000000	1.0000000	100.7911682
25.3497516	-0.0073828	-0.0073828	-0.0073828	1.0000000	1.0000000	100.7986679
25.3997487	-0.0161479	-0.0161479	-0.0161479	1.0000000	1.0000000	100.8061600
25.4497458	-0.0025133	-0.0025133	-0.0025133	1.0000000	1.0000000	100.8136520
25.4997429	-0.0034872	-0.0034872	-0.0034872	1.0000000	1.0000000	100.8211441
25.5497400	-0.0096552	-0.0096552	-0.0096552	1.0000000	1.0000000	100.8286362
25.5997371	-0.0070581	-0.0070581	-0.0070581	1.0000000	1.0000000	100.8361282
25.6497342	-0.0073828	-0.0073828	-0.0073828	1.0000000	1.0000000	100.8436203
25.6997822	-0.0002408	-0.0002408	-0.0002408	1.0000000	1.0000000	100.8511200
25.7497793	-0.0044611	-0.0044611	-0.0044611	1.0000000	1.0000000	100.8586121
25.7997255	-0.0008901	-0.0008901	-0.0008901	1.0000000	1.0000000	100.8660965
25.8497226	0.0104721	0.0104721	0.0104721	1.0000000	1.0000000	100.8735886
25.8997706	0.0101475	0.0101475	0.0101475	1.0000000	1.0000000	100.8810883
25.9497677	0.0127446	0.0127446	0.0127446	1.0000000	1.0000000	100.8885803
25.9997648	0.0133938	0.0133938	0.0133938	1.0000000	1.0000000	100.8960724
26.0497619	0.0059272	0.0059272	0.0059272	1.0000000	1.0000000	100.9035645
26.0997590	0.0211850	0.0211850	0.0211850	1.0000000	1.0000000	100.9110565
26.1497561	0.0254053	0.0254053	0.0254053	1.0000000	1.0000000	100.9185486
26.1997532	0.0299502	0.0299502	0.0299502	1.0000000	1.0000000	100.9260406
26.2497503	0.0202111	0.0202111	0.0202111	1.0000000	1.0000000	100.9335327
26.2997983	0.0215097	0.0215097	0.0215097	1.0000000	1.0000000	100.9410324
26.3498973	0.0159909	0.0159909	0.0159909	1.0000000	1.0000000	100.9485397
26.3999453	0.0075504	0.0075504	0.0075504	1.0000000	1.0000000	100.9560394
26.4499933	0.0169648	0.0169648	0.0169648	1.0000000	1.0000000	100.9635391
26.5000413	0.0059272	0.0059272	0.0059272	1.0000000	1.0000000	100.9710388
26.5500893	-0.0090059	-0.0090059	-0.0090059	1.0000000	1.0000000	100.9785385
26.6001373	-0.0060842	-0.0060842	-0.0060842	1.0000000	1.0000000	100.9860382
26.6502363	-0.0044611	-0.0044611	-0.0044611	1.0000000	1.0000000	100.9935455
26.7002843	-0.0245884	-0.0245884	-0.0245884	1.0000000	1.0000000	101.0010452
26.7502814	-0.0216667	-0.0216667	-0.0216667	1.0000000	1.0000000	101.0085373
26.8003294	-0.0346520	-0.0346520	-0.0346520	1.0000000	1.0000000	101.0160370
26.8504283	-0.0258869	-0.0258869	-0.0258869	1.0000000	1.0000000	101.0235443
26.9004763	-0.0307564	-0.0307564	-0.0307564	1.0000000	1.0000000	101.0310440
26.9505243	-0.0301072	-0.0301072	-0.0301072	1.0000000	1.0000000	101.0385437
27.0005723	-0.0294579	-0.0294579	-0.0294579	1.0000000	1.0000000	101.0460434
27.0506204	-0.0310811	-0.0310811	-0.0310811	1.0000000	1.0000000	101.0535431
27.1006684	-0.0320550	-0.0320550	-0.0320550	1.0000000	1.0000000	101.0610428
27.1507673	-0.0249130	-0.0249130	-0.0249130	1.0000000	1.0000000	101.0685501
27.2008153	-0.0229652	-0.0229652	-0.0229652	1.0000000	1.0000000	101.0760498
27.2508124	-0.0226406	-0.0226406	-0.0226406	1.0000000	1.0000000	101.0835419
27.3008604	-0.0177711	-0.0177711	-0.0177711	1.0000000	1.0000000	101.0910416
27.3509594	-0.0132262	-0.0132262	-0.0132262	1.0000000	1.0000000	101.0985489
27.4010074	-0.0103045	-0.0103045	-0.0103045	1.0000000	1.0000000	101.1060486
27.4510554	-0.0229652	-0.0229652	-0.0229652	1.0000000	1.0000000	101.1135483
27.5011034	-0.0109537	-0.0109537	-0.0109537	1.0000000	1.0000000	101.1210480
27.5511514	-0.0096552	-0.0096552	-0.0096552	1.0000000	1.0000000	101.1285477
27.6011994	-0.0154986	-0.0154986	-0.0154986	1.0000000	1.0000000	101.1360474
27.6512984	-0.0135508	-0.0135508	-0.0135508	1.0000000	1.0000000	101.1435547
27.7013464	-0.0051103	-0.0051103	-0.0051103	1.0000000	1.0000000	101.1510544
27.7513435	-0.0077074	-0.0077074	-0.0077074	1.0000000	1.0000000	101.1585464
27.8013915	-0.0106291	-0.0106291	-0.0106291	1.0000000	1.0000000	101.1660461
27.8514904	-0.0116030	-0.0116030	-0.0116030	1.0000000	1.0000000	101.1735535
27.9015384	-0.0103045	-0.0103045	-0.0103045	1.0000000	1.0000000	101.1810532
27.9515864	-0.0116030	-0.0116030	-0.0116030	1.0000000	1.0000000	101.1885529
28.0016344	-0.0164725	-0.0164725	-0.0164725	1.0000000	1.0000000	101.1960526
